0	0	-99.99	-1.31	-1.31
0	15	-13.05	-1.61	-1.31
0	30	-7.33	-2.56	-1.31
0	45	-4.32	-4.32	-1.31
0	60	-2.56	-7.33	-1.31
0	75	-1.61	-13.05	-1.31
0	90	-1.31	-99.99	-1.31
0	105	-1.61	-13.05	-1.31
0	120	-2.56	-7.33	-1.31
0	135	-4.32	-4.32	-1.31
0	150	-7.33	-2.56	-1.31
0	165	-13.05	-1.61	-1.31
0	180	-99.99	-1.31	-1.31
0	195	-13.05	-1.61	-1.31
0	210	-7.33	-2.56	-1.31
0	225	-4.32	-4.32	-1.31
0	240	-2.56	-7.33	-1.31
0	255	-1.61	-13.05	-1.31
0	270	-1.31	-99.99	-1.31
0	285	-1.61	-13.05	-1.31
0	300	-2.56	-7.33	-1.31
0	315	-4.32	-4.32	-1.31
0	330	-7.33	-2.56	-1.31
0	345	-13.05	-1.61	-1.31
0	360	-99.99	-1.31	-1.31
15	0	-99.99	-1.44	-1.44
15	15	-13.35	-1.85	-1.55
15	30	-7.95	-3.12	-1.88
15	45	-5.47	-5.41	-2.43
15	60	-4.43	-9.14	-3.17
15	75	-4.38	-15.75	-4.07
15	90	-5.11	-99.99	-5.11
15	105	-6.52	-17.89	-6.21
15	120	-8.58	-13.29	-7.31
15	135	-11.33	-11.27	-8.29
15	150	-15.11	-10.28	-9.05
15	165	-21.31	-9.81	-9.51
15	180	-99.99	-9.66	-9.66
15	195	-21.31	-9.81	-9.51
15	210	-15.11	-10.28	-9.05
15	225	-11.33	-11.27	-8.29
15	240	-8.58	-13.29	-7.31
15	255	-6.52	-17.89	-6.21
15	270	-5.11	-99.99	-5.11
15	285	-4.38	-15.75	-4.07
15	300	-4.43	-9.14	-3.17
15	315	-5.47	-5.41	-2.43
15	330	-7.95	-3.12	-1.88
15	345	-13.35	-1.85	-1.55
15	360	-99.99	-1.44	-1.44
30	0	-99.99	2.73	2.73
30	15	-10.25	2.25	2.49
30	30	-5.06	0.77	1.78
30	45	-2.93	-1.86	0.65
30	60	-2.39	-6.1	-0.85
30	75	-3.01	-13.38	-2.63
30	90	-4.62	-99.99	-4.62
30	105	-7.11	-17.48	-6.73
30	120	-10.25	-13.95	-8.71
30	135	-13.48	-12.42	-9.91
30	150	-16.74	-10.9	-9.89
30	165	-22.07	-9.57	-9.33
30	180	-99.99	-9.05	-9.05
30	195	-22.07	-9.57	-9.33
30	210	-16.74	-10.9	-9.89
30	225	-13.48	-12.42	-9.91
30	240	-10.25	-13.95	-8.71
30	255	-7.11	-17.48	-6.73
30	270	-4.62	-99.99	-4.62
30	285	-3.01	-13.38	-2.63
30	300	-2.39	-6.1	-0.85
30	315	-2.93	-1.86	0.65
30	330	-5.06	0.77	1.78
30	345	-10.25	2.25	2.49
30	360	-99.99	2.73	2.73
45	0	-99.99	7.89	7.89
45	15	-8.65	7.36	7.47
45	30	-3.62	5.72	6.2
45	45	-1.75	2.82	4.12
45	60	-1.57	-1.77	1.34
45	75	-2.68	-9.55	-1.87
45	90	-4.98	-99.99	-4.98
45	105	-8.39	-15.25	-7.57
45	120	-11.91	-12.11	-9
45	135	-13.33	-8.76	-7.46
45	150	-14.34	-5	-4.52
45	165	-18.58	-2.57	-2.46
45	180	-99.99	-1.76	-1.76
45	195	-18.58	-2.57	-2.46
45	210	-14.34	-5	-4.52
45	225	-13.33	-8.76	-7.46
45	240	-11.91	-12.11	-9
45	255	-8.39	-15.25	-7.57
45	270	-4.98	-99.99	-4.98
45	285	-2.68	-9.55	-1.87
45	300	-1.57	-1.77	1.34
45	315	-1.75	2.82	4.12
45	330	-3.62	5.72	6.2
45	345	-8.65	7.36	7.47
45	360	-99.99	7.89	7.89
60	0	-99.99	8.89	8.89
60	15	-11.78	8.32	8.36
60	30	-6.87	6.56	6.75
60	45	-5.19	3.46	4.02
60	60	-5.28	-1.39	0.1
60	75	-6.73	-9.51	-4.89
60	90	-9.52	-99.99	-9.52
60	105	-13.56	-16.34	-11.72
60	120	-16.5	-12.61	-11.12
60	135	-15.79	-7.13	-6.58
60	150	-15.99	-2.56	-2.36
60	165	-20.02	0.07	0.11
60	180	-99.99	0.92	0.92
60	195	-20.02	0.07	0.11
60	210	-15.99	-2.56	-2.36
60	225	-15.79	-7.13	-6.58
60	240	-16.5	-12.61	-11.12
60	255	-13.56	-16.34	-11.72
60	270	-9.52	-99.99	-9.52
60	285	-6.73	-9.51	-4.89
60	300	-5.28	-1.39	0.1
60	315	-5.19	3.46	4.02
60	330	-6.87	6.56	6.75
60	345	-11.78	8.32	8.36
60	360	-99.99	8.89	8.89
75	0	-99.99	10.95	10.95
75	15	-19.07	10.35	10.35
75	30	-14.24	8.51	8.53
75	45	-12.68	5.29	5.36
75	60	-12.93	0.27	0.48
75	75	-14.59	-8.05	-7.18
75	90	-17.67	-99.99	-17.67
75	105	-22.06	-15.53	-14.65
75	120	-24.18	-10.97	-10.77
75	135	-22.46	-4.48	-4.42
75	150	-22.45	0.29	0.32
75	165	-26.44	2.97	2.98
75	180	-99.99	3.83	3.83
75	195	-26.44	2.97	2.98
75	210	-22.45	0.29	0.32
75	225	-22.46	-4.48	-4.42
75	240	-24.18	-10.97	-10.77
75	255	-22.06	-15.53	-14.65
75	270	-17.67	-99.99	-17.67
75	285	-14.59	-8.05	-7.18
75	300	-12.93	0.27	0.48
75	315	-12.68	5.29	5.36
75	330	-14.24	8.51	8.53
75	345	-19.07	10.35	10.35
75	360	-99.99	10.95	10.95
90	0	-99.99	-99.99	-99.99
90	15	-99.99	-99.99	-99.99
90	30	-99.99	-99.99	-99.99
90	45	-99.99	-99.99	-99.99
90	60	-99.99	-99.99	-99.99
90	75	-99.99	-99.99	-99.99
90	90	-99.99	-99.99	-99.99
90	105	-99.99	-99.99	-99.99
90	120	-99.99	-99.99	-99.99
90	135	-99.99	-99.99	-99.99
90	150	-99.99	-99.99	-99.99
90	165	-99.99	-99.99	-99.99
90	180	-99.99	-99.99	-99.99
90	195	-99.99	-99.99	-99.99
90	210	-99.99	-99.99	-99.99
90	225	-99.99	-99.99	-99.99
90	240	-99.99	-99.99	-99.99
90	255	-99.99	-99.99	-99.99
90	270	-99.99	-99.99	-99.99
90	285	-99.99	-99.99	-99.99
90	300	-99.99	-99.99	-99.99
90	315	-99.99	-99.99	-99.99
90	330	-99.99	-99.99	-99.99
90	345	-99.99	-99.99	-99.99
90	360	-99.99	-99.99	-99.99